#Ten minute radio light curves of 4U 1728-34. The MJD provided is the mid-point of the 10-minute long time bin. S5.5 is the flux density at 5.5GHz in mJy, S5.5_err is the 1-sigma uncertainty in mJy. S9 is the flux density at 9GHz in mJy, S9_err is the 1-sigma uncertainty in mJy.
#MJD S5.5 S5.5_err S9 S9_err
#Epoch 1
59307.5505  0.428  0.102  0.384  0.078
59307.5574  0.646  0.090  0.367  0.072
59307.5643  0.447  0.084  0.472  0.066
59307.5713  0.483  0.084  0.339  0.066
59307.5782  0.529  0.084  0.323  0.066
59307.5852  0.545  0.078  0.588  0.060
59307.5921  0.421  0.072  0.488  0.060
59307.5991  0.587  0.072  0.560  0.060
59307.6060  0.432  0.072  0.390  0.054
59307.6130  0.530  0.066  0.659  0.054
59307.6199  0.548  0.066  0.732  0.054
59307.6268  0.608  0.066  0.591  0.054
59307.6338  0.598  0.060  0.603  0.054
59307.6407  0.479  0.060  0.622  0.054
59307.6477  0.562  0.060  0.658  0.048
59307.6546  0.533  0.060  0.732  0.048
59307.6616  0.553  0.060  0.646  0.048
59307.6685  0.655  0.060  0.512  0.048
59307.6755  0.546  0.054  0.650  0.048
59307.6824  0.680  0.054  0.774  0.048
59307.6893  0.631  0.054  0.694  0.048
59307.6963  0.547  0.054  0.687  0.048
59307.7032  0.665  0.054  0.744  0.048
59307.7102  0.706  0.054  0.792  0.048
59307.7171  0.626  0.054  0.858  0.048
59307.7241  0.876  0.054  1.178  0.048
59307.7310  1.005  0.054  0.866  0.048
59307.7380  0.843  0.054  0.679  0.048
59307.7449  0.636  0.054  0.783  0.048
59307.7518  0.751  0.054  0.845  0.048
59307.7588  0.656  0.054  0.857  0.048
59307.7657  0.741  0.054  0.783  0.048
59307.7727  0.754  0.054  0.709  0.048
59307.7796  0.663  0.054  0.564  0.048
59307.7866  0.563  0.054  0.693  0.048
59307.7935  0.588  0.054  0.712  0.048
59307.8005  0.736  0.054  0.697  0.048
59307.8074  0.703  0.054  0.839  0.048
59307.8143  0.649  0.054  0.776  0.048
59307.8213  0.582  0.054  0.745  0.048
59307.8282  0.571  0.054  0.698  0.048
59307.8352  0.664  0.054  0.771  0.048
59307.8421  0.653  0.054  0.684  0.048
59307.8491  0.611  0.054  0.729  0.048
59307.8560  0.644  0.054  0.872  0.048
59307.8630  0.625  0.054  0.793  0.048
59307.8699  0.609  0.054  0.893  0.048
59307.8768  0.661  0.054  0.634  0.048
59307.8838  0.743  0.054  0.738  0.048
59307.8907  0.591  0.060  0.845  0.048
59307.8977  0.615  0.060  0.897  0.048
59307.9046  1.295  0.060  1.137  0.048
59307.9116  0.822  0.060  0.858  0.054
59307.9185  0.886  0.060  0.772  0.054
59307.9255  0.854  0.060  0.781  0.054
59307.9324  0.881  0.060  0.873  0.054
59307.9393  0.954  0.066  0.783  0.054
59307.9463  0.822  0.066  0.859  0.054
59307.9532  0.677  0.066  0.819  0.060
59307.9602  0.572  0.072  0.719  0.060
59307.9671  0.612  0.078  0.840  0.066
59307.9741  0.484  0.078  0.531  0.066
59307.9810  0.646  0.078  0.634  0.066
59307.9880  0.637  0.084  0.515  0.066
59307.9949  0.541  0.084  0.803  0.066
59308.0018  0.656  0.090  0.489  0.072
59308.0088  0.897  0.096  0.671  0.072
59308.0157  0.725  0.102  0.871  0.078
59308.0227  0.577  0.108  0.549  0.084
59308.0296  0.391  0.120  0.457  0.090
59308.0366  0.873  0.126  0.208  0.096
59308.0423  0.533  0.132  0.121  0.102
#Epoch 2
59308.5443  0.804  0.090  0.441  0.072
59308.5513  0.576  0.090  0.487  0.066
59308.5582  0.707  0.084  0.590  0.066
59308.5652  0.815  0.078  0.841  0.066
59308.5721  0.908  0.078  0.457  0.060
59308.5790  0.745  0.072  0.586  0.060
59308.5860  0.657  0.072  0.635  0.054
59308.5929  0.598  0.066  0.773  0.054
59308.5999  0.797  0.066  0.776  0.054
59308.6068  0.752  0.066  0.825  0.054
59308.6138  0.831  0.060  0.909  0.048
59308.6207  0.678  0.060  0.785  0.048
59308.6277  0.856  0.060  0.898  0.048
59308.6346  0.799  0.060  0.879  0.048
59308.6415  0.850  0.060  0.956  0.048
59308.6485  0.930  0.054  0.905  0.048
59308.6554  0.774  0.054  0.812  0.048
59308.6624  0.792  0.054  1.015  0.048
59308.6693  0.886  0.054  0.804  0.048
59308.6763  0.845  0.054  0.848  0.048
59308.6832  0.824  0.054  0.961  0.042
59308.6902  0.879  0.054  0.723  0.042
59308.6971  0.810  0.054  0.918  0.042
59308.7040  0.726  0.048  0.699  0.042
59308.7110  0.793  0.048  0.902  0.042
59308.7179  0.793  0.048  0.878  0.042
59308.7249  0.806  0.048  0.788  0.042
59308.7318  0.875  0.048  1.190  0.042
59308.7388  1.012  0.048  0.942  0.042
59308.7457  0.864  0.048  0.693  0.042
59308.7527  0.750  0.048  0.881  0.042
59308.7596  0.835  0.054  0.891  0.042
59308.7665  0.725  0.054  0.815  0.042
59308.7735  0.674  0.054  0.938  0.042
59308.7804  0.981  0.054  1.093  0.042
59308.7874  0.893  0.054  0.956  0.042
59308.7943  0.931  0.054  0.920  0.042
59308.8013  0.865  0.054  1.025  0.042
59308.8082  0.921  0.054  0.979  0.042
59308.8152  0.879  0.054  0.909  0.042
59308.8221  0.939  0.054  0.995  0.042
59308.8290  0.822  0.054  0.879  0.042
59308.8360  0.930  0.048  1.065  0.042
59308.8429  0.831  0.054  1.057  0.042
59308.8499  0.864  0.054  1.017  0.042
59308.8568  0.848  0.054  0.986  0.042
59308.8638  0.832  0.054  1.053  0.048
59308.8707  0.919  0.054  1.079  0.048
59308.8777  0.798  0.054  1.046  0.048
59308.8846  0.927  0.054  0.944  0.048
59308.8915  1.334  0.054  1.461  0.048
59308.8985  0.961  0.054  1.042  0.048
59308.9054  0.795  0.054  1.033  0.048
59308.9124  0.791  0.054  0.887  0.048
59308.9193  0.863  0.054  0.913  0.048
59308.9263  0.825  0.060  1.000  0.048
59308.9332  0.873  0.060  1.006  0.048
59308.9402  0.969  0.060  1.013  0.048
59308.9471  0.911  0.060  1.094  0.048
59308.9540  0.745  0.066  1.066  0.054
59308.9610  1.093  0.066  0.958  0.054
59308.9679  0.882  0.066  1.020  0.054
59308.9749  0.902  0.072  0.850  0.060
59308.9818  1.000  0.072  1.094  0.060
59308.9888  0.780  0.078  1.097  0.060
59308.9957  0.953  0.078  1.137  0.066
59309.0027  0.830  0.084  0.980  0.066
59309.0096  0.984  0.090  0.692  0.072
59309.0165  0.844  0.096  1.035  0.072
59309.0235  1.200  0.102  1.062  0.078
59309.0304  0.794  0.108  0.897  0.084
59309.0374  1.201  0.120  0.937  0.090
59309.0404  1.053  0.126  0.862  0.096
#Epoch 3
59309.5643  0.912  0.076  1.047  0.060
59309.5713  0.726  0.072  0.973  0.056
59309.5782  0.980  0.072  1.048  0.056
59309.5852  0.875  0.068  1.006  0.052
59309.5921  0.851  0.064  1.018  0.052
59309.5991  1.017  0.064  1.182  0.052
59309.6060  0.951  0.060  0.865  0.048
59309.6130  0.757  0.060  0.940  0.048
59309.6199  0.742  0.056  0.919  0.048
59309.6268  0.844  0.056  0.836  0.048
59309.6338  0.799  0.056  0.939  0.044
59309.6407  0.893  0.056  0.841  0.044
59309.6477  0.798  0.052  0.912  0.044
59309.6546  0.801  0.052  1.034  0.044
59309.6616  0.776  0.052  1.065  0.044
59309.6685  0.858  0.052  0.956  0.044
59309.6755  0.926  0.048  0.999  0.044
59309.6824  0.672  0.048  0.972  0.044
59309.6893  0.868  0.048  0.994  0.040
59309.6963  0.851  0.048  0.897  0.040
59309.7032  0.729  0.048  0.968  0.040
59309.7102  0.764  0.048  0.882  0.040
59309.7171  0.775  0.048  0.913  0.040
59309.7241  0.887  0.048  0.957  0.040
59309.7310  1.048  0.048  1.176  0.040
59309.7380  0.781  0.048  0.836  0.040
59309.7449  0.853  0.048  0.926  0.040
59309.7518  0.752  0.048  0.807  0.040
59309.7588  0.823  0.048  0.844  0.040
59309.7657  0.773  0.048  0.862  0.040
59309.7727  0.789  0.048  0.942  0.040
59309.7796  0.731  0.048  1.039  0.040
59309.7861  0.779  0.048  0.93  0.040
